4987244183927
4901730180061
4965534129442
4571365222810
4983435728106
4987393971031
4589724112931
4973430017046
4905596410096
4510783013686
4973430538107
4901872450480
4973430003780
4975479425707
4987244192622
4968988075785
4903316471020
4987176140296
4901080510419
4571157257716
4901301024077
4905596457312
4901627058404
4513574011816
4991203170187
4905596035602
4905596311713
4965534403740
4902778040720
Gương tròn cầm tay Mitsuki
4987072011225
4901620170561
4955959144601
4902430911832
4982494117838
4973430020152
4952773001042
4984324009603
4524999023551
4968988074825
4965534140874
4901080655417
4546785635113
4902508121088
4971902923482
4987426300227
4905596111382
4994416036103
4949176099349
4968988072708
4977498013576
4965534522748
4965534187510
4901008313887
4973430564809
4991203159014
4965211176776
4905596451884
4965534548007
49598636
4905596212188
4902430515863
4905596054962
4982790386419
4968988087238
4994048927619
4936695889865
4902430711388
4905596022060
4562344369237
4971570001864
4902430878753
4987046870032
4955959219033
4965534822725
4580233923834
4560177464501
4901080649218
4965534329781
4965534641715
4956810235810
4905596457015
4975759201762
4905596430261
4991203153746
4956810234721
4901121208169
4905596120766
4987892100116
4965534523738
4902050301112
4987107624055
4987072009963
4973430013147
4946869280961
4965534213769
4573307025664
4984324014058
4903367301338
4533213678491
4901301390851
4973430006187
4901601951615
4955959145103
4965534522731
4974835045016
4905596005605
4539529279025
4976652015906
4903111181339
4969757116692
4515061046448
4905596210610
4905596022213
4965534654111
4965534364881
4965534150583
8853647002003
4513574027749
4965534923736
4965534462716
4901301261601
4984324010944
4987350873538
4905596008545
4905596101499
4905596101437
4965534150415
4991203158451
4905596117360
4965534619738
4510085129597
4965534376723
4902430551526
4965534462723
4943273400251
4977629310253
4956810236671
4582403209410
4987426300227
4902011880496
4902508151320
4987176140203
4969059081247
4905596118169
4901221863022
4905596311744
4991203112316
4520297070471
4983239160492
4984324010609
4901525008280
4987423354032
4973430020039
4956810234707
4987072060674
4906871022157
4905596452669
4905596118213
4986614118446
4549337318885
4991203165879
4991203162519
497171031156
4968988075938
4991203159014
4905596468677
4973430020176
4905596450191
4987176140296
4905596457268
4965534871112
4905596005339
4902111764559
4982790479067
4973430019330
Vỉ chống côn trùng tủ bếp Sanada
4513454100265
4902430834827
4530896230206
4955959216209
4965534718691
4901301289421
4973430022118
4903367301758
4961691106647
4905596449515
4969757109748
4904112825994
4902011788396
4956810860784
4902430752039
4991203171764
4965534184045
4903367090874
4966680246229
4905596117391
4901221070000
4520297090028
4905596025221
4969757105245
4984324013693
4903367301758
4901080160515
4991203154187
4974305214522
4539529279032
4941829005721
4981046201292
4901121180960
4905596111009
4979654027229
4956810234820
4901301402394
4955959219026
4905596431480
4905596118237
4956810803637
4991203143662
4977498220813
4965534359009
4991203148018
4904785553347
4955959144502
4991203163127
4905596022237
4903301282914
4965534132015
4965534130325
4981046201308
4956810804597
4901498125069
4905596117247
4560344852049
4973430016353
4965534132077
4580233923797
4968988090405
4901301376596
4901080053206
4580545930025
4905596114468
4901080655615
4905596180210
4905596310730
4905596185789
4902508084420
4961691106616
4987133015100
4973430019583
4903320159105
4905596110484
4902430689687
4546785191022
4550344650592
4965534151429
4903367092038
4902430781893
4902430856676
4906327020751
4903301745525
4965534135245
4589622170972
4956810234837
4540474123271
4902508150743
4905596703907
4973430007924
4965534480000
4965534661713
4905596504092
4902011713190
Nhiệt kế đo thân nhiệt OMRON MC-687
4905596008965
4965534532709
4965534734110
4902050590639
4987176140203
4973430000055
4987350379092
4962242507067
4513915016159
4901301312396
4987115854635
4987110010852
4987115101203
4903367301437
4965534214766
4987241157839
4904112827813
4901329210452
4595643954088
4991203174611
4991203169112
4571365221639
4968988071381
4984324011804
4973430650304
4968988090399
4965534563000
4903111350346
4903111323463
4991873546640
4991203165138
4958702033337
4956810234745
4964596488948
4987176108975
4955959136606
4571137125509
4965534155304
4973430019637
4905596186281
4905596210788
4539529279018
4901872466061
4540474777962
4991203135452
4991203161260
4965534597722
4905596101918
4905596007166
4905596458463
4987072053126
4991203174420
4977977127008
4973430536202
4974835044453
4901872831302
4903301017127
4982757911647
4974835044781
4905596170396
4971902921419
4968988081403
4562353730721
4902407394439
4515061188582
4901301394682
4901498125083
4571365222261
4905596007142
4973512259890
4573262940026
4902011788334
4965534262606
4982790351370
4956810234875
4956810223299
4971710314991
4900662504884
4973430018913
4957434002741
4906327025008
4905596650546
4991203139535
4560344870319
4991203143341
4560355310507
4901080687715
4991203177919
4973430000031
4905596210689
4905596171294
4905596101536
4973430018197
4965534522717
4905596409991
4965534140249
4562344359467
4975479424458
4513574016118
4971710288643
4965534337724
4965534823722
4905596161486
4548718994182
4965534159012
4965534181211
4987176062482
4571365222537
4991203101297
4991203162526
4562270778103
4987350489432
4905596114260
4562344352918
4991203165107
4903367303936
4955959146803
4971493106127
4987123146890
4903301231141
4965534213691
4955959136705
4905596055747
4905596210481
Gương tròn để bàn Mitsuki có chân đế
4906137035617
4538604540166