4905596120162
4901234362437
4902430911832
4991203156945
4974835044453
4902508003469
4968988081403
4582300800130
4973430019644
4905596451860
4901601385977
4901301333186
4902508024853
2200051435761
4973430019187
4513574025332
4901221074107
4965534157315
4513574013032
4902508084451
4589645872181
4902508007443
4513574027749
4987379901304
4901301332301
4965534181310
4901301363510
4903024021814
4902806417265
4956810216840
4902468236068
4901301305138
4906156100549
4902508083423
4905596005803
4973430018012
4562256332183
4513574019737
4905596111771
4902522669115
4513915012885
4901301249050
4909978152888
4905596007609
4902430854566
4901872444915
4526371060512
4955959144601
4901525003230
4956810708420
4902430762069
4513574037571
4571137125509
4905596080305
4903301176909
4905596169185
4968988087214
4956810708444
4987426002411
4987241138319
4902430675864
4973210992280
4965534215695
4901872450480
4513574027732
4991203156556
4987107611116
4901301333360
4987316026589
4902508003452
4974972256412
4964596457814
4987072021781
4973430019590
4965534597722
4562270779131
4901525958103
4905596620082
4966680247103
4987426300227
4549337318892
4550002545505
4905596110484
4905596134848
4991203158451
4513574007260
4956810234721
4901872451708
4987241162130
4901872451708
4903601651939
4901872462087
4905596186281
4920082013049
4901872461998
4513574037571
4991203175236
4901330746360
4955959144816
4987241160334
4949176021401
4902508103077
4562270778103
4902111756899
4973430011822
4589563520102
4971710393729
4904785553347
4902508084420
4965534619738
4513574013032
4513574007260
4990110006107
4903050504190
4956810236671
4902430878753
11004611
4901616965324
4901080510419
22001320
22001520
22001620
4550002867485
22002020
22002120
22002220
22002320
22002420
4955959153726
22002520
22002620
22002820
22002920
4973430015196
4580284233913
4902888116155
22003020
22003420
22003620
4903301268963
33007833
22003920
22004020
22004220
22004320
22004420
4904561032806
33006733
22004520
22004620
33006533
22004820
22004920
4571137125509
22005120
22005320
22005520
22005620
22005720
22005820
22005920
4901301365897
22006020
33003433
4901620170240
33005833
33003833
33003933
33004033
33004233
4987115540781
4901525008310
4976631649337
33004533
33005133
11000111
33005033
4901730010344
11000511
11000611
11004511
11004411
11000811
11000911
11001011
11001111
11001411
11001511
11001611
11001811
11003811
11003611
11001911
11002411
11002511
11002611
11002711
4901872466344
4905596620839
11002811
11002911
4965534159098
11005011
11003011
4905596162186
4902430749626
4935005001603
4965534351904
4956810216840
4991203150301
4902508121347
4965534155106
4939553010876
4939553010593
4965534151528
4973430022774
4909978984366
4973430020121
4560177469407
4511413406120
4905596452959
4965534151191
4991203115997
4987176140296
4901601388923
4905596510239
4903367306487
4905596433019
4905596456476
4589622171764
4900662730412
4973430020015
4965534222723
4971902920955
4905596114161
4905596111672
4987115855557
4905596310716
4987978101020
4965534647717
4562344364317
4965534655712
4969757107911
4983621800029
4549337318908
4965534462761
4903301169345
4905596433040
4905596007388
4901601240337
4987176063748
4905596452539
4965534187411
4965534153911
4902508084451
4510085125407
4982790442573
4965534342995
4965534824712
4560438578985
4905596210184
4905596468639
4957434005230
4580545930087
4981046135610
4965534650717
4965534879118
4968988090924
4905596121862
4905596005704
4902508102438
4580233922905
4983435764166
4906156037906
4513454100326
4589724112740
4905596468431
4973430019194
4976366015520
4901301402400
4905596430582
4955959149514
4902508001151
4943273100205
4580233923827
4987072061756
4562353730516
4991203174635
4983435734503
4903301326250
4902508121316
4965534129428
4902430856638
4520297080524
4513454100814
4571365222506
4580297233900
4905596211914
4905596121831
4973430999304
4956810234868
4968988967028
4973430002547
4986653706345
4903111510559
4902508084390
4957434008330
4902011788365
4965534155403
4902727008894
4905596210887
4955959145707
4905596101963
4987176108975
4991087866732
4973430006873
4560344860518
4965534150675
4991203167255
4991203157294
4901797033188
4901080190710
4905596071037
4580297233931
4973430003773
4901433038522
4991203166609
4513574028098
4560177466581
4511413612446
4902050067544
4571113800956
4939553041658
4580523260250
4973430021791
4991203144546
4965534887007
4905596117438
4965534899789
4955959153726
4902407024336
4939553011330
4905596171195
4903111152995
4905596211983
4965534523714
4905596457039
4977977125035
4905596211235
4510085125414
4905596114062
4955959146216
4987046870025
4987244174161
4903367090973
4902727009877
4520297071478
4955959151302
4964596424632
4973430057301
4905596620815
4981046135603
4973430018890
4905596117469
4965534595889
4955959222132
4902430816854
4905596081012
4903234003860
4545633521820
4562353730271
4991203173256
4905596053064
4968988075150
4965534712743
4903409152546
4965534875738
4905596114079
4955959407300
4905596035008
4965534661737
4903320158504
4901616010703
4987176035813
4976631605326
4991203144546
4905596457237
4905596114666
4973430002356
4991203147981
4971881021469
4965534146715
4991203175236
4905596070115
4905596458661
4965534122511
4905596457213
4968988087238
4974972283111
4582178200520
4987244183927
4901730180061
4965534129442
4571365222810
4983435728106
4987393971031
4589724112931
4973430017046
4905596410096
4510783013686
4973430538107
4901872450480
4973430003780
4975479425707
4987244192622
4968988075785
4903316471020
4987176140296
4901080510419
4571157257716
4901301024077
4905596457312
4901627058404
4513574011816
4991203170187
4905596035602
4905596311713
4965534403740
4902778040720
Gương tròn cầm tay Mitsuki
4987072011225
4901620170561
4955959144601
4902430911832
4982494117838
4973430020152
4952773001042
4984324009603
4524999023551
4968988074825
4965534140874
4901080655417
4546785635113
4902508121088
4971902923482
4987426300227
4905596111382
4994416036103
4949176099349
4968988072708
4977498013576
4965534522748
4965534187510
4901008313887
4973430564809
4991203159014
4965211176776
4905596451884
4965534548007
49598636
4905596212188
4902430515863
4905596054962
4982790386419
4968988087238
4994048927619
4936695889865
4902430711388
4905596022060
4562344369237
4971570001864
4902430878753
4987046870032
4955959219033
4965534822725
4580233923834
4560177464501
4901080649218
4965534329781
4965534641715
4956810235810
4905596457015
4975759201762
4905596430261
4991203153746
4956810234721
4901121208169
4905596120766
4987892100116
4965534523738
4902050301112
4987107624055
4987072009963
4973430013147
4946869280961
4965534213769
4573307025664
4984324014058
4903367301338
4533213678491
4901301390851
4973430006187
4901601951615
4955959145103
4965534522731
4974835045016
4905596005605
4539529279025
4976652015906
4903111181339
4969757116692
4515061046448
4905596210610
4905596022213
4965534654111
4965534364881
4965534150583
8853647002003
4513574027749
4965534923736
4965534462716
4901301261601
4984324010944
4987350873538
4905596008545
4905596101499
4905596101437
4965534150415
4991203158451
4905596117360
4965534619738
4510085129597
4965534376723
4902430551526
4965534462723
4943273400251
4977629310253
4956810236671
4582403209410
4987426300227
4902011880496
4902508151320
4987176140203
4969059081247
4905596118169
4901221863022
4905596311744
4991203112316
4520297070471
4983239160492
4984324010609
4901525008280
4987423354032
4973430020039
4956810234707
4987072060674
4906871022157
4905596452669
4905596118213
4986614118446
4549337318885
4991203165879
4991203162519
497171031156
4968988075938
4991203159014
4905596468677
4973430020176
4905596450191
4987176140296
4905596457268
4965534871112
4905596005339
4902111764559
4982790479067
4973430019330
Vỉ chống côn trùng tủ bếp Sanada
4513454100265
4902430834827
4530896230206
4955959216209
4965534718691
4901301289421
4973430022118
4903367301758
4961691106647
4905596449515
4969757109748
4904112825994
4902011788396
4956810860784
4902430752039
4991203171764
4965534184045
4903367090874
4966680246229
4905596117391
4901221070000
4520297090028
4905596025221
4969757105245
4984324013693
4903367301758
4901080160515
4991203154187
4974305214522
4539529279032
4941829005721
4981046201292
4901121180960
4905596111009
4979654027229
4956810234820
4901301402394
4955959219026
4905596431480
4905596118237
4956810803637
4991203143662
4977498220813
4965534359009
4991203148018
4904785553347
4955959144502
4991203163127
4905596022237
4903301282914
4965534132015
4965534130325
4981046201308
4956810804597
4901498125069
4905596117247
4560344852049
4973430016353
4965534132077
4580233923797
4968988090405
4901301376596
4901080053206
4580545930025
4905596114468
4901080655615
4905596180210
4905596310730
4905596185789
4902508084420
4961691106616
4987133015100
4973430019583
4903320159105
4905596110484
4902430689687
4546785191022
4550344650592
4965534151429
4903367092038
4902430781893
4902430856676
4906327020751
4903301745525
4965534135245
4589622170972
4956810234837
4540474123271
4902508150743
4905596703907
4973430007924
4965534480000
4965534661713
4905596504092
4902011713190
Nhiệt kế đo thân nhiệt OMRON MC-687
4905596008965
4965534532709
4965534734110
4902050590639
4987176140203
4973430000055
4987350379092
4962242507067
4513915016159
4901301312396
4987115854635
4987110010852
4987115101203
4903367301437
4965534214766
4987241157839
4904112827813
4901329210452
4595643954088
4991203174611
4991203169112
4571365221639
4968988071381
4984324011804
4973430650304
4968988090399
4965534563000
4903111350346
4903111323463
4991873546640
4991203165138
4958702033337
4956810234745
4964596488948
4987176108975
4955959136606
4571137125509
4965534155304
4973430019637
4905596186281
4905596210788
4539529279018
4901872466061
4540474777962
4991203135452
4991203161260
4965534597722
4905596101918
4905596007166
4905596458463
4987072053126
4991203174420
4977977127008
4973430536202
4974835044453
4901872831302
4903301017127
4982757911647
4974835044781
4905596170396
4971902921419
4968988081403
4562353730721
4902407394439
4515061188582
4901301394682
4901498125083
4571365222261
4905596007142
4973512259890
4573262940026
4902011788334
4965534262606
4982790351370
4956810234875
4956810223299
4971710314991
4900662504884
4973430018913
4957434002741
4906327025008
4905596650546
4991203139535
4560344870319
4991203143341
4560355310507
4901080687715
4991203177919
4973430000031
4905596210689
4905596171294
4905596101536
4973430018197
4965534522717
4905596409991
4965534140249
4562344359467
4975479424458
4513574016118
4971710288643
4965534337724
4965534823722
4905596161486
4548718994182
4965534159012
4965534181211
4987176062482
4571365222537
4991203101297
4991203162526
4562270778103
4987350489432
4905596114260
4562344352918
4991203165107
4903367303936
4955959146803
4971493106127
4987123146890
4903301231141
4965534213691
4955959136705
4905596055747
4905596210481
Gương tròn để bàn Mitsuki có chân đế
4906137035617
4538604540166
4902508002035
4973430564205
4973430018883
4905596167280
4903367000101
4968988090337
4905596114772
4956810233120
4548718994366
4965534129497
4547691689696
4905596073161
4906156037906
4902050620183
4987415993454
4973430020046
4969757105573
4955959115519
4905596211082
4991203152527
4973430015776
4905596114673
4905596457312
4956810840618
4965534817110
4973430003803
4905596070016
4965534617772
4901070122776
4905596433033
4965534531702
4965534532747
4987306019508
4987343086754
4955959222002
4905596185581
4956810234769
4991203148865
4562344369244
4902508151054
4991203160249
4982790388604
4965534299008
4976631649269
4513454000244
4905596118138
4987176140203
4981046201308
4905596116004
4905596210580
4905596621560
4901301386939
4905596022169
4956810236695
4905596185680
4987176062444
4987072029022
4905596453383
4905596456360
4973430011877
4991203168580
4905596620730
4905596212287
4905596446699
4905596125105
4903367302083
4901221800119
4903301182917
4513574007260
4905596620082
4955959221623
4562344369404
4975479426018
4950313001149
4968988076577
4956810234806
4571365222780
4987306001411
4544742901257
4991203150448
4956810860746
4902508000154
4987176140296
4987072032640
4580240570137
4965534151719
4905596449539
4901433138635
4905596011163
4905596449560
4902430832199
4571286597462
4901301335173
4573307025725
4987072053782
4973430020985
4984324001829
4965534774222
4905596110385
4969757114476
4901008307763
oxanhnhat
4965534214698
4902727100451
4903111323074
4991203131331
4906156700046
4901301419194
4903301244554
4905596452638
4973430019590
4905596510239
4902750915534
4991203146489
4905596430292
4510783013594
4905596071013
4905596312147
4991203171740
4990110005520
4538604540173
4901080698117
4903301669098
4956810233038
4942355108375
4973430815208
4905596112631
4965534216760
4965534132022
4562191602099
4905596220985
4955959116813
4965211157379
4956810234844
4973430015196
4991203178749
4991203177926
4965534560009
4965534527002
4955959222118
4905596111771
4902430657075
4905596081067
4901080201218
4991203160355
4991203129437
4901301376640
4514544052167
4991203168467
4901301312402
4973430019644
4523031028233
4991203175601
4901301307453
4902508083539
4571157259031
4580545930063
4560344852049
4905596070160
4905596006800
4905596111627
4984324011033
4991203155115
4975479425240
4965534150316
4573533690384
4905596101512
4905596142188
4987072034088
4580523260250
4987205310737
4984090993175
4903301307778
4965534877749
4905596430575
4905596133902
4965534884006
4901881152351
4923007896006
4965534717694
4550084713397
4902522670760
4965534877732
4902430749541
4904735055884
4965534651714
4965534561006
4905596410577
4560355310408
4901580002681
4905596081036
4991203166340
4901872472963
4571365222537
4903301176909
4987072004708
4901221074107
4905596210412
4956810218080
4965534258760
4905596162780
4905596170297
4901121615356
4965534342124
4965534527736
4973512259098
4979654026949
4901872455911
4973430569606
4580297233917
4549308514445
4902011788662
4589724113228
4991203168771
4905596450665
4991203141408
4955959220534
4968988070285
4582425687357
4982790410817
4901772921103
4965534836746
4973430010207
4965534360883
4905596450764
4971710318852
4965534180399
4984324011521
4965534292757
4973430016414
4987241173648
4905596055846
4905596431381
4905596005315
4965534360722
4965534180511
4955959137900
4965534184410
4991203122032
4965534526036
4956810221271
4549738970491
4968988080529
4987241173648
4905596457336
4984324014744
4956810707584
4968988071299
4905596114468
4901221079515
4971710390612
4973430001946
4968988070278
4905596008996
4968988040714